18.8600000	1540.6200
18.8600400	1534.2500
18.8600800	1527.8800
18.8601200	1521.5100
18.8601600	1515.1400
18.8602000	1508.7700
18.8602400	1502.4000
18.8602800	1496.0400
18.8603200	1489.6700
18.8603600	1483.3000
18.8604000	1476.9300
18.8604400	1470.5600
18.8604800	1464.1900
18.8605200	1457.8100
18.8605600	1451.4400
18.8606000	1445.0700
18.8606400	1438.7000
18.8606800	1432.3300
18.8607200	1425.9600
18.8607600	1419.5900
18.8608000	1413.2200
18.8608400	1406.8500
18.8608800	1400.4800
18.8609200	1394.1000
18.8609600	1387.7300
18.8610000	1381.3600
18.8610400	1374.9900
18.8610800	1368.6200
18.8611200	1362.2400
18.8611600	1355.8700
18.8612000	1349.5000
18.8612400	1343.1300
18.8612800	1336.7600
18.8613200	1330.3800
18.8613600	1324.0100
18.8614000	1317.6400
18.8614400	1311.2600
18.8614800	1304.8900
18.8615200	1298.5200
18.8615600	1292.1500
18.8616000	1285.7700
18.8616400	1279.4000
18.8616800	1273.0300
18.8617200	1266.6500
18.8617600	1260.2800
18.8618000	1253.9000
18.8618400	1247.5300
18.8618800	1241.1600
18.8619200	1234.7800
18.8619600	1228.4100
18.8620000	1222.0300
18.8620400	1215.6600
18.8620800	1209.2900
18.8621200	1202.9100
18.8621600	1196.5400
18.8622000	1190.1600
18.8622400	1183.7900
18.8622800	1177.4100
18.8623200	1171.0400
18.8623600	1164.6700
18.8624000	1158.2900
18.8624400	1151.9200
18.8624800	1145.5400
18.8625200	1139.1700
18.8625600	1132.7900
18.8626000	1126.4200
18.8626400	1120.0400
18.8626800	1113.6700
18.8627200	1107.2900
18.8627600	1100.9200
18.8628000	1094.5400
18.8628400	1088.1700
18.8628800	1081.7900
18.8629200	1075.4100
18.8629600	1069.0400
18.8630000	1062.6600
18.8630400	1056.2900
18.8630800	1049.9100
18.8631200	1043.5400
18.8631600	1037.1600
18.8632000	1030.7900
18.8632400	1024.4100
18.8632800	1018.0400
18.8633200	1011.6600
18.8633600	1005.2800
18.8634000	998.9080
18.8634400	992.5320
18.8634800	986.1570
18.8635200	979.7810
18.8635600	973.4050
18.8636000	967.0290
18.8636400	960.6540
18.8636800	954.2780
18.8637200	947.9020
18.8637600	941.5260
18.8638000	935.1500
18.8638400	928.7740
18.8638800	922.3980
18.8639200	916.0230
18.8639600	909.6470
18.8640000	903.2710
18.8640400	896.8950
18.8640800	890.5190
18.8641200	884.1430
18.8641600	877.7670
18.8642000	871.3910
18.8642400	865.0150
18.8642800	858.6400
18.8643200	852.2640
18.8643600	845.8880
18.8644000	839.5120
18.8644400	833.1360
18.8644800	826.7600
18.8645200	820.3850
18.8645600	814.0090
18.8646000	807.6330
18.8646400	801.2570
18.8646800	794.8820
18.8647200	788.5060
18.8647600	782.1300
18.8648000	775.7550
18.8648400	769.3790
18.8648800	763.0040
18.8649200	756.6280
18.8649600	750.2530
18.8650000	743.8770
18.8650400	737.5020
18.8650800	731.1260
18.8651200	724.7510
18.8651600	718.3760
18.8652000	712.0000
18.8652400	705.6250
18.8652800	699.2500
18.8653200	692.8750
18.8653600	686.5000
18.8654000	680.1250
18.8654400	673.7500
18.8654800	667.3750
18.8655200	661.0000
18.8655600	654.6250
18.8656000	648.2500
18.8656400	641.8750
18.8656800	635.5010
18.8657200	629.1260
18.8657600	622.7510
18.8658000	616.3770
18.8658400	610.0030
18.8658800	603.6280
18.8659200	597.2540
18.8659600	590.8800
18.8660000	584.5050
18.8660400	578.1310
18.8660800	571.7570
18.8661200	565.3830
18.8661600	559.0100
18.8662000	552.6360
18.8662400	546.2620
18.8662800	539.8880
18.8663200	533.5150
18.8663600	527.1410
18.8664000	520.7680
18.8664400	514.3950
18.8664800	508.0210
18.8665200	501.6480
18.8665600	495.2750
18.8666000	488.9020
18.8666400	482.5290
18.8666800	476.1570
18.8667200	469.7840
18.8667600	463.4110
18.8668000	457.0390
18.8668400	450.6670
18.8668800	444.2940
18.8669200	437.9220
18.8669600	431.5500
18.8670000	425.1780
18.8670400	418.8060
18.8670800	412.4350
18.8671200	406.0630
18.8671600	399.6910
18.8672000	393.3200
18.8672400	386.9490
18.8672800	380.5770
18.8673200	374.2060
18.8673600	367.8350
18.8674000	361.4650
18.8674400	355.0940
18.8674800	348.7230
18.8675200	342.3530
18.8675600	335.9820
18.8676000	329.6120
18.8676400	323.2420
18.8676800	316.8720
18.8677200	310.5020
18.8677600	304.1330
18.8678000	297.7630
18.8678400	291.3940
18.8678800	285.0240
18.8679200	278.6550
18.8679600	272.2860
18.8680000	265.9170
18.8680400	259.5490
18.8680800	253.1800
18.8681200	246.8120
18.8681600	240.4430
18.8682000	234.0750
18.8682400	227.7070
18.8682800	221.3390
18.8683200	214.9720
18.8683600	208.6040
18.8684000	202.2370
18.8684400	195.8690
18.8684800	189.5020
18.8685200	183.1350
18.8685600	176.7690
18.8686000	170.4020
18.8686400	164.0360
18.8686800	157.6690
18.8687200	151.3030
18.8687600	144.9370
18.8688000	138.5720
18.8688400	132.2060
18.8688800	125.8410
18.8689200	119.4750
18.8689600	113.1100
18.8690000	106.7450
18.8690400	100.3810
18.8690800	94.0160
18.8691200	87.6516
18.8691600	81.2875
18.8692000	74.9235
18.8692400	68.5596
18.8692800	62.1960
18.8693200	55.8326
18.8693600	49.4693
18.8694000	43.1063
18.8694400	36.7434
18.8694800	30.3807
18.8695200	24.0182
18.8695600	17.6559
18.8696000	11.2938
18.8696400	4.9320
18.8696800	-1.4297
18.8697200	-7.7912
18.8697600	-14.1525
18.8698000	-20.5136
18.8698400	-26.8745
18.8698800	-33.2352
18.8699200	-39.5956
18.8699600	-45.9559
18.8700000	-52.3159
18.8700400	-58.6757
18.8700800	-65.0354
18.8701200	-71.3948
18.8701600	-77.7539
18.8702000	-84.1129
18.8702400	-90.4717
18.8702800	-96.8302
18.8703200	-103.1880
18.8703600	-109.5470
18.8704000	-115.9040
18.8704400	-122.2620
18.8704800	-128.6190
18.8705200	-134.9770
18.8705600	-141.3340
18.8706000	-147.6900
18.8706400	-154.0470
18.8706800	-160.4030
18.8707200	-166.7590
18.8707600	-173.1150
18.8708000	-179.4700
18.8708400	-185.8260
18.8708800	-192.1810
18.8709200	-198.5350
18.8709600	-204.8900
18.8710000	-211.2440
18.8710400	-217.5980
18.8710800	-223.9520
18.8711200	-230.3060
18.8711600	-236.6590
18.8712000	-243.0120
18.8712400	-249.3650
18.8712800	-255.7170
18.8713200	-262.0700
18.8713600	-268.4220
18.8714000	-274.7730
18.8714400	-281.1250
18.8714800	-287.4760
18.8715200	-293.8270
18.8715600	-300.1780
18.8716000	-306.5280
18.8716400	-312.8780
18.8716800	-319.2280
18.8717200	-325.5780
18.8717600	-331.9270
18.8718000	-338.2760
18.8718400	-344.6250
18.8718800	-350.9740
18.8719200	-357.3220
18.8719600	-363.6700
18.8720000	-370.0170
18.8720400	-376.3650
18.8720800	-382.7120
18.8721200	-389.0590
18.8721600	-395.4050
18.8722000	-401.7520
18.8722400	-408.0980
18.8722800	-414.4430
18.8723200	-420.7890
18.8723600	-427.1340
18.8724000	-433.4790
18.8724400	-439.8230
18.8724800	-446.1670
18.8725200	-452.5110
18.8725600	-458.8550
18.8726000	-465.1980
18.8726400	-471.5410
18.8726800	-477.8840
18.8727200	-484.2260
18.8727600	-490.5680
18.8728000	-496.9100
18.8728400	-503.2510
18.8728800	-509.5920
18.8729200	-515.9330
18.8729600	-522.2740
18.8730000	-528.6140
18.8730400	-534.9540
18.8730800	-541.2930
18.8731200	-547.6330
18.8731600	-553.9710
18.8732000	-560.3100
18.8732400	-566.6480
18.8732800	-572.9860
18.8733200	-579.3240
18.8733600	-585.6610
18.8734000	-591.9980
18.8734400	-598.3350
18.8734800	-604.6710
18.8735200	-611.0070
18.8735600	-617.3430
18.8736000	-623.6780
18.8736400	-630.0130
18.8736800	-636.3470
18.8737200	-642.6820
18.8737600	-649.0150
18.8738000	-655.3490
18.8738400	-661.6820
18.8738800	-668.0150
18.8739200	-674.3480
18.8739600	-680.6800
18.8740000	-687.0120
18.8740400	-693.3430
18.8740800	-699.6740
18.8741200	-706.0050
18.8741600	-712.3350
18.8742000	-718.6650
18.8742400	-724.9950
18.8742800	-731.3240
18.8743200	-737.6530
18.8743600	-743.9820
18.8744000	-750.3100
18.8744400	-756.6380
18.8744800	-762.9660
18.8745200	-769.2930
18.8745600	-775.6200
18.8746000	-781.9460
18.8746400	-788.2720
18.8746800	-794.5980
18.8747200	-800.9230
18.8747600	-807.2480
18.8748000	-813.5720
18.8748400	-819.8960
18.8748800	-826.2200
18.8749200	-832.5430
18.8749600	-838.8660
18.8750000	-845.1890
18.8750400	-851.5110
18.8750800	-857.8330
18.8751200	-864.1540
18.8751600	-870.4750
18.8752000	-876.7960
18.8752400	-883.1160
18.8752800	-889.4360
18.8753200	-895.7560
18.8753600	-902.0750
18.8754000	-908.3930
18.8754400	-914.7120
18.8754800	-921.0290
18.8755200	-927.3470
18.8755600	-933.6640
18.8756000	-939.9810
18.8756400	-946.2970
18.8756800	-952.6130
18.8757200	-958.9280
18.8757600	-965.2430
18.8758000	-971.5580
18.8758400	-977.8720
18.8758800	-984.1860
18.8759200	-990.4990
18.8759600	-996.8120
18.8760000	-1003.1200
18.8760400	-1009.4400
18.8760800	-1015.7500
18.8761200	-1022.0600
18.8761600	-1028.3700
18.8762000	-1034.6800
18.8762400	-1040.9900
18.8762800	-1047.3000
18.8763200	-1053.6100
18.8763600	-1059.9200
18.8764000	-1066.2300
18.8764400	-1072.5300
18.8764800	-1078.8400
18.8765200	-1085.1500
18.8765600	-1091.4500
18.8766000	-1097.7600
18.8766400	-1104.0700
18.8766800	-1110.3700
18.8767200	-1116.6800
18.8767600	-1122.9800
18.8768000	-1129.2800
18.8768400	-1135.5900
18.8768800	-1141.8900
18.8769200	-1148.1900
18.8769600	-1154.4900
18.8770000	-1160.8000
18.8770400	-1167.1000
18.8770800	-1173.4000
18.8771200	-1179.7000
18.8771600	-1186.0000
18.8772000	-1192.3000
18.8772400	-1198.6000
18.8772800	-1204.8900
18.8773200	-1211.1900
18.8773600	-1217.4900
18.8774000	-1223.7900
18.8774400	-1230.0800
18.8774800	-1236.3800
18.8775200	-1242.6700
18.8775600	-1248.9700
18.8776000	-1255.2600
18.8776400	-1261.5600
18.8776800	-1267.8500
18.8777200	-1274.1400
18.8777600	-1280.4400
18.8778000	-1286.7300
18.8778400	-1293.0200
18.8778800	-1299.3100
18.8779200	-1305.6000
18.8779600	-1311.8900
18.8780000	-1318.1800
18.8780400	-1324.4700
18.8780800	-1330.7600
18.8781200	-1337.0500
18.8781600	-1343.3400
18.8782000	-1349.6200
18.8782400	-1355.9100
18.8782800	-1362.2000
18.8783200	-1368.4800
18.8783600	-1374.7700
18.8784000	-1381.0500
18.8784400	-1387.3400
18.8784800	-1393.6200
18.8785200	-1399.9000
18.8785600	-1406.1900
18.8786000	-1412.4700
18.8786400	-1418.7500
18.8786800	-1425.0300
18.8787200	-1431.3100
18.8787600	-1437.5900
18.8788000	-1443.8700
18.8788400	-1450.1500
18.8788800	-1456.4300
18.8789200	-1462.7100
18.8789600	-1468.9900
18.8790000	-1475.2600
18.8790400	-1481.5400
18.8790800	-1487.8200
18.8791200	-1494.0900
18.8791600	-1500.3700
18.8792000	-1506.6400
18.8792400	-1512.9200
18.8792800	-1519.1900
18.8793200	-1525.4600
18.8793600	-1531.7300
18.8794000	-1538.0100
18.8794400	-1544.2800
18.8794800	-1550.5500
18.8795200	-1556.8200
18.8795600	-1563.0900
18.8796000	-1569.3600
18.8796400	-1575.6300
18.8796800	-1581.8900
18.8797200	-1588.1600
18.8797600	-1594.4300
18.8798000	-1600.6900
18.8798400	-1606.9600
18.8798800	-1613.2300
18.8799200	-1619.4900
18.8799600	-1625.7500
18.8800000	-1632.0200
