18.8600000	33004.7
18.8600400	33005
18.8600800	33005.3
18.8601200	33005.7
18.8601600	33006
18.8602000	33006.3
18.8602400	33006.7
18.8602800	33007
18.8603200	33007.3
18.8603600	33007.6
18.8604000	33007.9
18.8604400	33008.3
18.8604800	33008.6
18.8605200	33008.9
18.8605600	33009.2
18.8606000	33009.5
18.8606400	33009.8
18.8606800	33010.1
18.8607200	33010.4
18.8607600	33010.7
18.8608000	33011
18.8608400	33011.3
18.8608800	33011.5
18.8609200	33011.8
18.8609600	33012.1
18.8610000	33012.4
18.8610400	33012.7
18.8610800	33012.9
18.8611200	33013.2
18.8611600	33013.5
18.8612000	33013.7
18.8612400	33014
18.8612800	33014.3
18.8613200	33014.5
18.8613600	33014.8
18.8614000	33015
18.8614400	33015.3
18.8614800	33015.5
18.8615200	33015.8
18.8615600	33016
18.8616000	33016.3
18.8616400	33016.5
18.8616800	33016.8
18.8617200	33017
18.8617600	33017.2
18.8618000	33017.5
18.8618400	33017.7
18.8618800	33017.9
18.8619200	33018.1
18.8619600	33018.4
18.8620000	33018.6
18.8620400	33018.8
18.8620800	33019
18.8621200	33019.2
18.8621600	33019.4
18.8622000	33019.6
18.8622400	33019.8
18.8622800	33020
18.8623200	33020.2
18.8623600	33020.4
18.8624000	33020.6
18.8624400	33020.8
18.8624800	33021
18.8625200	33021.2
18.8625600	33021.4
18.8626000	33021.5
18.8626400	33021.7
18.8626800	33021.9
18.8627200	33022.1
18.8627600	33022.2
18.8628000	33022.4
18.8628400	33022.6
18.8628800	33022.7
18.8629200	33022.9
18.8629600	33023.1
18.8630000	33023.2
18.8630400	33023.4
18.8630800	33023.5
18.8631200	33023.7
18.8631600	33023.8
18.8632000	33024
18.8632400	33024.1
18.8632800	33024.2
18.8633200	33024.4
18.8633600	33024.5
18.8634000	33024.6
18.8634400	33024.8
18.8634800	33024.9
18.8635200	33025
18.8635600	33025.1
18.8636000	33025.3
18.8636400	33025.4
18.8636800	33025.5
18.8637200	33025.6
18.8637600	33025.7
18.8638000	33025.8
18.8638400	33025.9
18.8638800	33026
18.8639200	33026.1
18.8639600	33026.2
18.8640000	33026.3
18.8640400	33026.4
18.8640800	33026.5
18.8641200	33026.6
18.8641600	33026.7
18.8642000	33026.8
18.8642400	33026.8
18.8642800	33026.9
18.8643200	33027
18.8643600	33027.1
18.8644000	33027.1
18.8644400	33027.2
18.8644800	33027.3
18.8645200	33027.3
18.8645600	33027.4
18.8646000	33027.4
18.8646400	33027.5
18.8646800	33027.5
18.8647200	33027.6
18.8647600	33027.6
18.8648000	33027.7
18.8648400	33027.7
18.8648800	33027.8
18.8649200	33027.8
18.8649600	33027.8
18.8650000	33027.9
18.8650400	33027.9
18.8650800	33027.9
18.8651200	33028
18.8651600	33028
18.8652000	33028
18.8652400	33028
18.8652800	33028
18.8653200	33028.1
18.8653600	33028.1
18.8654000	33028.1
18.8654400	33028.1
18.8654800	33028.1
18.8655200	33028.1
18.8655600	33028.1
18.8656000	33028.1
18.8656400	33028.1
18.8656800	33028.1
18.8657200	33028
18.8657600	33028
18.8658000	33028
18.8658400	33028
18.8658800	33028
18.8659200	33028
18.8659600	33027.9
18.8660000	33027.9
18.8660400	33027.9
18.8660800	33027.8
18.8661200	33027.8
18.8661600	33027.8
18.8662000	33027.7
18.8662400	33027.7
18.8662800	33027.6
18.8663200	33027.6
18.8663600	33027.5
18.8664000	33027.5
18.8664400	33027.4
18.8664800	33027.4
18.8665200	33027.3
18.8665600	33027.2
18.8666000	33027.2
18.8666400	33027.1
18.8666800	33027
18.8667200	33027
18.8667600	33026.9
18.8668000	33026.8
18.8668400	33026.7
18.8668800	33026.6
18.8669200	33026.6
18.8669600	33026.5
18.8670000	33026.4
18.8670400	33026.3
18.8670800	33026.2
18.8671200	33026.1
18.8671600	33026
18.8672000	33025.9
18.8672400	33025.8
18.8672800	33025.7
18.8673200	33025.6
18.8673600	33025.5
18.8674000	33025.3
18.8674400	33025.2
18.8674800	33025.1
18.8675200	33025
18.8675600	33024.9
18.8676000	33024.7
18.8676400	33024.6
18.8676800	33024.5
18.8677200	33024.3
18.8677600	33024.2
18.8678000	33024.1
18.8678400	33023.9
18.8678800	33023.8
18.8679200	33023.6
18.8679600	33023.5
18.8680000	33023.3
18.8680400	33023.2
18.8680800	33023
18.8681200	33022.9
18.8681600	33022.7
18.8682000	33022.5
18.8682400	33022.4
18.8682800	33022.2
18.8683200	33022
18.8683600	33021.9
18.8684000	33021.7
18.8684400	33021.5
18.8684800	33021.3
18.8685200	33021.1
18.8685600	33021
18.8686000	33020.8
18.8686400	33020.6
18.8686800	33020.4
18.8687200	33020.2
18.8687600	33020
18.8688000	33019.8
18.8688400	33019.6
18.8688800	33019.4
18.8689200	33019.2
18.8689600	33019
18.8690000	33018.7
18.8690400	33018.5
18.8690800	33018.3
18.8691200	33018.1
18.8691600	33017.9
18.8692000	33017.6
18.8692400	33017.4
18.8692800	33017.2
18.8693200	33017
18.8693600	33016.7
18.8694000	33016.5
18.8694400	33016.2
18.8694800	33016
18.8695200	33015.8
18.8695600	33015.5
18.8696000	33015.3
18.8696400	33015
18.8696800	33014.8
18.8697200	33014.5
18.8697600	33014.2
18.8698000	33014
18.8698400	33013.7
18.8698800	33013.4
18.8699200	33013.2
18.8699600	33012.9
18.8700000	33012.6
18.8700400	33012.4
18.8700800	33012.1
18.8701200	33011.8
18.8701600	33011.5
18.8702000	33011.2
18.8702400	33010.9
18.8702800	33010.6
18.8703200	33010.3
18.8703600	33010
18.8704000	33009.8
18.8704400	33009.5
18.8704800	33009.1
18.8705200	33008.8
18.8705600	33008.5
18.8706000	33008.2
18.8706400	33007.9
18.8706800	33007.6
18.8707200	33007.3
18.8707600	33007
18.8708000	33006.6
18.8708400	33006.3
18.8708800	33006
18.8709200	33005.6
18.8709600	33005.3
18.8710000	33005
18.8710400	33004.6
18.8710800	33004.3
18.8711200	33004
18.8711600	33003.6
18.8712000	33003.3
18.8712400	33002.9
18.8712800	33002.6
18.8713200	33002.2
18.8713600	33001.9
18.8714000	33001.5
18.8714400	33001.1
18.8714800	33000.8
18.8715200	33000.4
18.8715600	33000
18.8716000	32999.7
18.8716400	32999.3
18.8716800	32998.9
18.8717200	32998.5
18.8717600	32998.1
18.8718000	32997.8
18.8718400	32997.4
18.8718800	32997
18.8719200	32996.6
18.8719600	32996.2
18.8720000	32995.8
18.8720400	32995.4
18.8720800	32995
18.8721200	32994.6
18.8721600	32994.2
18.8722000	32993.8
18.8722400	32993.4
18.8722800	32993
18.8723200	32992.5
18.8723600	32992.1
18.8724000	32991.7
18.8724400	32991.3
18.8724800	32990.9
18.8725200	32990.4
18.8725600	32990
18.8726000	32989.6
18.8726400	32989.1
18.8726800	32988.7
18.8727200	32988.3
18.8727600	32987.8
18.8728000	32987.4
18.8728400	32986.9
18.8728800	32986.5
18.8729200	32986
18.8729600	32985.6
18.8730000	32985.1
18.8730400	32984.6
18.8730800	32984.2
18.8731200	32983.7
18.8731600	32983.2
18.8732000	32982.8
18.8732400	32982.3
18.8732800	32981.8
18.8733200	32981.4
18.8733600	32980.9
18.8734000	32980.4
18.8734400	32979.9
18.8734800	32979.4
18.8735200	32978.9
18.8735600	32978.4
18.8736000	32978
18.8736400	32977.5
18.8736800	32977
18.8737200	32976.5
18.8737600	32976
18.8738000	32975.4
18.8738400	32974.9
18.8738800	32974.4
18.8739200	32973.9
18.8739600	32973.4
18.8740000	32972.9
18.8740400	32972.4
18.8740800	32971.8
18.8741200	32971.3
18.8741600	32970.8
18.8742000	32970.3
18.8742400	32969.7
18.8742800	32969.2
18.8743200	32968.7
18.8743600	32968.1
18.8744000	32967.6
18.8744400	32967
18.8744800	32966.5
18.8745200	32965.9
18.8745600	32965.4
18.8746000	32964.8
18.8746400	32964.3
18.8746800	32963.7
18.8747200	32963.1
18.8747600	32962.6
18.8748000	32962
18.8748400	32961.4
18.8748800	32960.9
18.8749200	32960.3
18.8749600	32959.7
18.8750000	32959.1
18.8750400	32958.6
18.8750800	32958
18.8751200	32957.4
18.8751600	32956.8
18.8752000	32956.2
18.8752400	32955.6
18.8752800	32955
18.8753200	32954.4
18.8753600	32953.8
18.8754000	32953.2
18.8754400	32952.6
18.8754800	32952
18.8755200	32951.4
18.8755600	32950.8
18.8756000	32950.2
18.8756400	32949.6
18.8756800	32948.9
18.8757200	32948.3
18.8757600	32947.7
18.8758000	32947.1
18.8758400	32946.4
18.8758800	32945.8
18.8759200	32945.2
18.8759600	32944.5
18.8760000	32943.9
18.8760400	32943.3
18.8760800	32942.6
18.8761200	32942
18.8761600	32941.3
18.8762000	32940.7
18.8762400	32940
18.8762800	32939.4
18.8763200	32938.7
18.8763600	32938
18.8764000	32937.4
18.8764400	32936.7
18.8764800	32936
18.8765200	32935.4
18.8765600	32934.7
18.8766000	32934
18.8766400	32933.4
18.8766800	32932.7
18.8767200	32932
18.8767600	32931.3
18.8768000	32930.6
18.8768400	32929.9
18.8768800	32929.2
18.8769200	32928.5
18.8769600	32927.8
18.8770000	32927.2
18.8770400	32926.4
18.8770800	32925.7
18.8771200	32925
18.8771600	32924.3
18.8772000	32923.6
18.8772400	32922.9
18.8772800	32922.2
18.8773200	32921.5
18.8773600	32920.8
18.8774000	32920
18.8774400	32919.3
18.8774800	32918.6
18.8775200	32917.8
18.8775600	32917.1
18.8776000	32916.4
18.8776400	32915.6
18.8776800	32914.9
18.8777200	32914.2
18.8777600	32913.4
18.8778000	32912.7
18.8778400	32911.9
18.8778800	32911.2
18.8779200	32910.4
18.8779600	32909.7
18.8780000	32908.9
18.8780400	32908.1
18.8780800	32907.4
18.8781200	32906.6
18.8781600	32905.8
18.8782000	32905.1
18.8782400	32904.3
18.8782800	32903.5
18.8783200	32902.7
18.8783600	32902
18.8784000	32901.2
18.8784400	32900.4
18.8784800	32899.6
18.8785200	32898.8
18.8785600	32898
18.8786000	32897.2
18.8786400	32896.4
18.8786800	32895.6
18.8787200	32894.8
18.8787600	32894
18.8788000	32893.2
18.8788400	32892.4
18.8788800	32891.6
18.8789200	32890.8
18.8789600	32890
18.8790000	32889.2
18.8790400	32888.3
18.8790800	32887.5
18.8791200	32886.7
18.8791600	32885.9
18.8792000	32885
18.8792400	32884.2
18.8792800	32883.4
18.8793200	32882.5
18.8793600	32881.7
18.8794000	32880.8
18.8794400	32880
18.8794800	32879.2
18.8795200	32878.3
18.8795600	32877.4
18.8796000	32876.6
18.8796400	32875.7
18.8796800	32874.9
18.8797200	32874
18.8797600	32873.2
18.8798000	32872.3
18.8798400	32871.4
18.8798800	32870.6
18.8799200	32869.7
18.8799600	32868.8
18.8800000	32867.9
